4
0
1
1.7249339722259 5.912785773538663e-07
1
32
2.255878855424074 0.02992460103470844
2.237195155551177 0.1482401810740354
2.194369570711752 0.260104441432276
2.129259168075581 0.360644113329072
2.044690801289805 0.4454717052060334
1.944342405436125 0.5108755077340151
1.832587712776982 0.5539829525320161
1.71430919957373 0.5728905480839134
1.594686546688634 0.5667535762720047
1.478967135539927 0.5358306086990077
1.372229069585377 0.4814778466462805
1.279148230787868 0.4060903503095417
1.203783695979055 0.3129901841948143
1.149397513688142 0.2062672426077212
1.1183222163713 0.09058615411054413
1.11187942449613 -0.02902305269944562
1.130342035155175 -0.1473741411266072
1.172927045887443 -0.2593305736682271
1.237816506184678 -0.3600127617224229
1.322214836788602 -0.4450087008154524
1.422454500390911 -0.5105775766708992
1.534152954191587 -0.5538287964141679
1.652411337095482 -0.5728592996574889
1.772040071744561 -0.5668400866756274
1.8877951737366 -0.5360489063813928
1.994612939827864 -0.4818513933296728
2.087832093812792 -0.4066337794257979
2.16339406942596 -0.3136931705300465
2.218015529480365 -0.2070905894029594
2.24932657202367 -0.09147366785548067
2.255824444559588 -0.03094856251718523
2.255878855424074 0.02992460103470844
0.1120315645503452
9
1.856814493687294 0.05285453712042774
1.774638704270094 0.1355373037124176
1.658363699107952 0.1293831583567611
1.585302032207931 0.03852570968101993
1.601938639342665 -0.07697797301960926
1.698014982358519 -0.1428891098062877
1.81103469838317 -0.1147946790829722
1.861519612276052 -0.03851082617324394
1.856814493687294 0.05285453712042774
0.3715683965943174
16
1.994095014983192 0.03810323989710455
1.953720534335624 0.1501572844247572
1.870706902292211 0.2355403205302341
1.759641392306432 0.2784369673185361
1.640860644364074 0.2704645222976442
1.53655132418559 0.2130661340708546
1.465733799160799 0.1173201790322164
1.440526980765953 0.000900749806976349
1.464998442394293 -0.1156757225496093
1.535201386044996 -0.2118738628312172
1.639134874000338 -0.2699507317895308
1.75786075900517 -0.2787013352887774
1.869202714055392 -0.2365284060231295
1.952762687264749 -0.1516805204843012
1.990161847518712 -0.06043815515192358
1.994095014983192 0.03810323989710455
0.6912504165358657
24
2.119274961838355 0.07896902093986706
2.080796804473488 0.192212479090158
2.012246819927576 0.2902160174689599
1.918960365175382 0.3650508719386518
1.808345608154288 0.4105004292573204
1.689381359315484 0.4226532632172625
1.571893927922356 0.4003726300522151
1.465634785904061 0.345515509796979
1.379290411799343 0.2627714858577724
1.319657876804148 0.1590987695903401
1.291193923823688 0.04292796531485232
1.295931811405957 -0.07658749171779219
1.333537937079888 -0.1901269750489238
1.401297372020952 -0.2886770680985387
1.494068726431695 -0.3641413214091796
1.604455338183972 -0.4101285322400026
1.723373235711693 -0.4227105062097197
1.840948289731252 -0.400880495328222
1.947508077569787 -0.346597319572078
2.034455290280302 -0.2644805317810449
2.094927160733765 -0.1612950103725319
2.12423921299765 -0.04533980500621602
2.126319841894567 0.01699696103189239
2.119274961838355 0.07896902093986706
