DIAG_3D_ADIOS_STEPEND
    step       wallclock         wallmax ( proc)         wallmin ( proc)
       1       0.455E-01       0.455E-01 (    1)       0.162E-01 (    8)
       2       0.320E-01       0.320E-01 (    1)       0.699E-02 (    7)
       3       0.319E-01       0.319E-01 (    1)       0.684E-02 (    8)
       4       0.317E-01       0.317E-01 (    1)       0.711E-02 (    7)
       5       0.322E-01       0.322E-01 (    1)       0.755E-02 (    4)
       6       0.318E-01       0.318E-01 (    1)       0.721E-02 (    7)
       7       0.333E-01       0.333E-01 (    1)       0.767E-02 (    3)
       8       0.335E-01       0.335E-01 (    1)       0.682E-02 (    4)
       9       0.322E-01       0.322E-01 (    1)       0.691E-02 (    7)
      10       0.328E-01       0.328E-01 (    1)       0.703E-02 (    7)
      11       0.332E-01       0.332E-01 (    1)       0.661E-02 (    8)
      12       0.343E-01       0.343E-01 (    1)       0.694E-02 (    4)
      13       0.323E-01       0.323E-01 (    1)       0.696E-02 (    7)
      14       0.325E-01       0.325E-01 (    1)       0.688E-02 (    8)
      15       0.321E-01       0.321E-01 (    1)       0.694E-02 (    7)
      16       0.324E-01       0.324E-01 (    1)       0.754E-02 (    7)
      17       0.329E-01       0.329E-01 (    1)       0.719E-02 (    7)
      18       0.325E-01       0.325E-01 (    1)       0.722E-02 (    3)
      19       0.326E-01       0.326E-01 (    1)       0.701E-02 (    8)
      20       0.360E-01       0.360E-01 (    1)       0.767E-02 (    4)
      21       0.321E-01       0.321E-01 (    1)       0.715E-02 (    7)
      22       0.321E-01       0.321E-01 (    1)       0.732E-02 (    4)
      23       0.327E-01       0.327E-01 (    1)       0.679E-02 (    8)
      24       0.327E-01       0.327E-01 (    1)       0.710E-02 (    8)
      25       0.329E-01       0.329E-01 (    1)       0.775E-02 (    4)
      26       0.337E-01       0.337E-01 (    1)       0.731E-02 (    7)
      27       0.326E-01       0.326E-01 (    1)       0.808E-02 (    4)
      28       0.324E-01       0.324E-01 (    1)       0.747E-02 (    4)
      29       0.329E-01       0.329E-01 (    1)       0.744E-02 (    3)
      30       0.333E-01       0.333E-01 (    1)       0.837E-02 (    8)
      31       0.328E-01       0.328E-01 (    1)       0.725E-02 (    7)
      32       0.333E-01       0.333E-01 (    1)       0.762E-02 (    8)
      33       0.334E-01       0.334E-01 (    1)       0.747E-02 (    7)
      34       0.328E-01       0.328E-01 (    1)       0.790E-02 (    3)
      35       0.324E-01       0.324E-01 (    1)       0.769E-02 (    8)
      36       0.332E-01       0.332E-01 (    1)       0.792E-02 (    8)
      37       0.322E-01       0.322E-01 (    1)       0.744E-02 (    3)
      38       0.326E-01       0.326E-01 (    1)       0.737E-02 (    4)
      39       0.319E-01       0.319E-01 (    1)       0.719E-02 (    3)
      40       0.337E-01       0.337E-01 (    1)       0.871E-02 (    8)
      41       0.325E-01       0.325E-01 (    1)       0.719E-02 (    8)
      42       0.329E-01       0.329E-01 (    1)       0.715E-02 (    8)
      43       0.326E-01       0.326E-01 (    1)       0.752E-02 (    7)
      44       0.326E-01       0.326E-01 (    1)       0.750E-02 (    8)
      45       0.328E-01       0.328E-01 (    1)       0.740E-02 (    7)
      46       0.332E-01       0.332E-01 (    1)       0.769E-02 (    3)
      47       0.325E-01       0.325E-01 (    1)       0.718E-02 (    7)
      48       0.328E-01       0.328E-01 (    1)       0.735E-02 (    7)
      49       0.330E-01       0.330E-01 (    1)       0.715E-02 (    8)
      50       0.326E-01       0.326E-01 (    1)       0.738E-02 (    7)
