1.72796 5.91279e-07
1.72966 5.91279e-07
1.73136 5.91279e-07
1.73306 5.91279e-07
1.73476 5.91279e-07
1.73646 5.91279e-07
1.73816 5.91279e-07
1.73986 5.91279e-07
1.74156 5.91279e-07
1.74326 5.91279e-07
1.74496 5.91279e-07
1.74666 5.91279e-07
1.74836 5.91279e-07
1.75006 5.91279e-07
1.75176 5.91279e-07
1.75346 5.91279e-07
1.75516 5.91279e-07
1.75686 5.91279e-07
1.75856 5.91279e-07
1.76026 5.91279e-07
1.76196 5.91279e-07
1.76366 5.91279e-07
1.76536 5.91279e-07
1.76706 5.91279e-07
1.76876 5.91279e-07
1.77046 5.91279e-07
1.77216 5.91279e-07
1.77386 5.91279e-07
1.77556 5.91279e-07
1.77726 5.91279e-07
1.77896 5.91279e-07
1.78066 5.91279e-07
1.78236 5.91279e-07
1.78406 5.91279e-07
1.78576 5.91279e-07
1.78746 5.91279e-07
1.78916 5.91279e-07
1.79086 5.91279e-07
1.79256 5.91279e-07
1.79426 5.91279e-07
1.79596 5.91279e-07
1.79766 5.91279e-07
1.79936 5.91279e-07
1.80106 5.91279e-07
1.80276 5.91279e-07
1.80446 5.91279e-07
1.80616 5.91279e-07
1.80786 5.91279e-07
1.80956 5.91279e-07
1.81126 5.91279e-07
1.81296 5.91279e-07
1.81466 5.91279e-07
1.81636 5.91279e-07
1.81806 5.91279e-07
1.81976 5.91279e-07
1.82146 5.91279e-07
1.82316 5.91279e-07
1.82486 5.91279e-07
1.82656 5.91279e-07
1.82826 5.91279e-07
1.82996 5.91279e-07
1.83166 5.91279e-07
1.83336 5.91279e-07
1.83506 5.91279e-07
1.83676 5.91279e-07
1.83846 5.91279e-07
1.84016 5.91279e-07
1.84186 5.91279e-07
1.84356 5.91279e-07
1.84526 5.91279e-07
1.84696 5.91279e-07
1.84866 5.91279e-07
1.85036 5.91279e-07
1.85206 5.91279e-07
1.85376 5.91279e-07
1.85546 5.91279e-07
1.85716 5.91279e-07
1.85886 5.91279e-07
1.86056 5.91279e-07
1.86226 5.91279e-07
1.86396 5.91279e-07
1.86566 5.91279e-07
1.86736 5.91279e-07
1.86906 5.91279e-07
1.87076 5.91279e-07
1.87246 5.91279e-07
1.87416 5.91279e-07
1.87586 5.91279e-07
1.87756 5.91279e-07
1.87926 5.91279e-07
1.88096 5.91279e-07
1.88266 5.91279e-07
1.88436 5.91279e-07
1.88606 5.91279e-07
1.88776 5.91279e-07
1.88946 5.91279e-07
1.89116 5.91279e-07
1.89286 5.91279e-07
1.89456 5.91279e-07
1.89626 5.91279e-07
1.89796 5.91279e-07
1.89966 5.91279e-07
1.90136 5.91279e-07
1.90306 5.91279e-07
1.90476 5.91279e-07
1.90646 5.91279e-07
1.90816 5.91279e-07
1.90986 5.91279e-07
1.91156 5.91279e-07
1.91326 5.91279e-07
1.91496 5.91279e-07
1.91666 5.91279e-07
1.91836 5.91279e-07
1.92006 5.91279e-07
1.92176 5.91279e-07
1.92346 5.91279e-07
1.92516 5.91279e-07
1.92686 5.91279e-07
1.92856 5.91279e-07
1.93026 5.91279e-07
1.93196 5.91279e-07
1.93366 5.91279e-07
1.93536 5.91279e-07
1.93706 5.91279e-07
1.93876 5.91279e-07
1.94046 5.91279e-07
1.94216 5.91279e-07
1.94386 5.91279e-07
1.94556 5.91279e-07
1.94726 5.91279e-07
1.94896 5.91279e-07
1.95066 5.91279e-07
1.95236 5.91279e-07
1.95406 5.91279e-07
1.95576 5.91279e-07
1.95746 5.91279e-07
1.95916 5.91279e-07
1.96086 5.91279e-07
1.96256 5.91279e-07
1.96426 5.91279e-07
1.96596 5.91279e-07
1.96766 5.91279e-07
1.96936 5.91279e-07
1.97106 5.91279e-07
1.97276 5.91279e-07
1.97446 5.91279e-07
1.97616 5.91279e-07
1.97786 5.91279e-07
1.97956 5.91279e-07
1.98126 5.91279e-07
1.98296 5.91279e-07
1.98466 5.91279e-07
1.98636 5.91279e-07
1.98806 5.91279e-07
1.98976 5.91279e-07
1.99146 5.91279e-07
1.99316 5.91279e-07
1.99486 5.91279e-07
1.99656 5.91279e-07
1.99826 5.91279e-07
1.99996 5.91279e-07
2.00166 5.91279e-07
2.00336 5.91279e-07
2.00506 5.91279e-07
2.00676 5.91279e-07
2.00846 5.91279e-07
2.01016 5.91279e-07
2.01186 5.91279e-07
2.01356 5.91279e-07
2.01526 5.91279e-07
2.01696 5.91279e-07
2.01866 5.91279e-07
2.02036 5.91279e-07
2.02206 5.91279e-07
2.02376 5.91279e-07
2.02546 5.91279e-07
2.02716 5.91279e-07
2.02886 5.91279e-07
2.03056 5.91279e-07
2.03226 5.91279e-07
2.03396 5.91279e-07
2.03566 5.91279e-07
2.03736 5.91279e-07
2.03906 5.91279e-07
2.04076 5.91279e-07
2.04246 5.91279e-07
2.04416 5.91279e-07
2.04586 5.91279e-07
2.04756 5.91279e-07
2.04926 5.91279e-07
2.05096 5.91279e-07
2.05266 5.91279e-07
2.05436 5.91279e-07
2.05606 5.91279e-07
2.05776 5.91279e-07
2.05946 5.91279e-07
2.06116 5.91279e-07
2.06286 5.91279e-07
2.06456 5.91279e-07
2.06626 5.91279e-07
2.06796 5.91279e-07
2.06966 5.91279e-07
2.07136 5.91279e-07
2.07306 5.91279e-07
2.07476 5.91279e-07
2.07646 5.91279e-07
2.07816 5.91279e-07
2.07986 5.91279e-07
2.08156 5.91279e-07
2.08326 5.91279e-07
2.08496 5.91279e-07
2.08666 5.91279e-07
2.08836 5.91279e-07
2.09006 5.91279e-07
2.09176 5.91279e-07
2.09346 5.91279e-07
2.09516 5.91279e-07
2.09686 5.91279e-07
2.09856 5.91279e-07
2.10026 5.91279e-07
2.10196 5.91279e-07
2.10366 5.91279e-07
2.10536 5.91279e-07
2.10706 5.91279e-07
2.10876 5.91279e-07
2.11046 5.91279e-07
2.11216 5.91279e-07
2.11386 5.91279e-07
2.11556 5.91279e-07
2.11726 5.91279e-07
2.11896 5.91279e-07
2.12066 5.91279e-07
2.12236 5.91279e-07
2.12406 5.91279e-07
2.12576 5.91279e-07
2.12746 5.91279e-07
2.12916 5.91279e-07
2.13086 5.91279e-07
2.13256 5.91279e-07
2.13426 5.91279e-07
2.13596 5.91279e-07
2.13766 5.91279e-07
2.13936 5.91279e-07
2.14106 5.91279e-07
2.14276 5.91279e-07
2.14446 5.91279e-07
2.14616 5.91279e-07
2.14786 5.91279e-07
2.14956 5.91279e-07
2.15126 5.91279e-07
2.15296 5.91279e-07
2.15466 5.91279e-07
2.15636 5.91279e-07
2.15806 5.91279e-07
2.15976 5.91279e-07
2.16146 5.91279e-07
2.16316 5.91279e-07
2.16486 5.91279e-07
2.16656 5.91279e-07
2.16826 5.91279e-07
2.16996 5.91279e-07
2.17166 5.91279e-07
2.17336 5.91279e-07
2.17506 5.91279e-07
2.17676 5.91279e-07
2.17846 5.91279e-07
2.18016 5.91279e-07
2.18186 5.91279e-07
2.18356 5.91279e-07
2.18526 5.91279e-07
2.18696 5.91279e-07
2.18866 5.91279e-07
2.19036 5.91279e-07
2.19206 5.91279e-07
2.19376 5.91279e-07
2.19546 5.91279e-07
2.19716 5.91279e-07
2.19886 5.91279e-07
2.20056 5.91279e-07
2.20226 5.91279e-07
2.20396 5.91279e-07
2.20566 5.91279e-07
2.20736 5.91279e-07
2.20906 5.91279e-07
2.21076 5.91279e-07
2.21246 5.91279e-07
2.21416 5.91279e-07
2.21586 5.91279e-07
2.21756 5.91279e-07
2.21926 5.91279e-07
2.22096 5.91279e-07
2.22266 5.91279e-07
2.22436 5.91279e-07
2.22606 5.91279e-07
2.22776 5.91279e-07
2.22946 5.91279e-07
2.23116 5.91279e-07
2.23286 5.91279e-07
2.23456 5.91279e-07
2.23626 5.91279e-07
2.23796 5.91279e-07
2.23966 5.91279e-07
2.24136 5.91279e-07
2.24306 5.91279e-07
2.24476 5.91279e-07
2.24646 5.91279e-07
2.24816 5.91279e-07
2.24986 5.91279e-07
2.25156 5.91279e-07
2.25326 5.91279e-07
2.25496 5.91279e-07
