4684
0 71
4684 
0 80
4683 
0 76
4681 
0 51
4673 
0 50
4672 
0 47
4670 
0 46
4669 
0 48
4664 
0 49
4662 
1 76
4635 
0 77
4634 
0 39
4475 
0 42
4463 
0 43
4462 
0 44
4460 
0 45
4459 
0 41
4455 
0 40
4454 
0 38
4450 
0 34
4443 
0 35
4441 
0 36
4440 
0 37
4436 
0 30
4427 
0 31
4424 
0 33
4422 
0 32
4419 
0 29
4411 
0 28
4410 
0 27
4407 
0 26
4406 
0 22
4399 
0 23
4398 
0 24
4397 
0 25
4396 
0 18
4307 
0 19
4306 
0 20
4305 
0 21
4304 
0 17
4296 
0 16
4295 
0 15
4294 
0 14
4293 
0 12
4280 
0 13
4279 
0 11
4266 
0 97
3886 
0 1
3832 
2 1
3813 3817 3818 3819 3820 3821 3822 3823 3824 3825 3826 3827 3830 3838 3839 3842 3851 3853 3854 3855 3856 3857 3858 3859 3860 3861 3862 3863 3864 3865 3866 3867 3868 3869 3870 3871 3872 3873 3874 3875 3876 3877 3878 3879 3880 3881 3882 3883 3884 3885 3887 3888 3889 3890 3891 3892 3893 3894 3895 3896 3897 3898 3899 3900 3901 3902 3903 3904 3905 3906 3907 3908 3909 3910 3911 3912 3913 3914 3915 3916 3917 3918 3919 3920 3921 3922 3923 3924 3925 3926 3927 3928 3930 3931 3932 3933 3934 3935 3936 3937 3938 3939 3940 3941 3942 3943 3944 3945 3946 3947 3948 3949 3950 3951 3952 3953 3954 3958 3959 3962 3963 3964 3976 4016 4017 4018 4020 4085 4086 4087 4088 4089 4090 4094 4095 4096 4097 4098 4099 4100 4101 4102 4103 4104 4105 4118 4119 4120 4121 4122 4123 4124 
1 41
303 305 314 421 428 433 444 446 520 525 533 548 551 637 642 646 661 663 1705 1707 1710 1715 1716 1723 1743 1745 1747 1766 1769 1795 1800 1900 1909 1922 1926 1946 1949 1980 1985 2108 2110 2126 2132 2133 2170 2177 2183 2190 2807 2810 2811 2817 2822 2823 2836 2838 2865 2873 2876 3115 3116 3123 3171 3176 3190 3193 3195 3304 3309 4472 4473 4480 4491 4553 4557 4563 4594 4596 4599 
1 42
301 306 315 422 427 432 443 447 521 524 532 552 556 636 643 647 660 665 1706 1708 1709 1719 1720 1722 1744 1748 1761 1763 1797 1801 1822 1899 1923 1925 1927 1947 1948 1986 1991 2107 2109 2122 2123 2125 2173 2176 2186 2189 2818 2819 2821 2835 2839 2861 2875 2877 3000 3021 3022 3025 3108 3114 3122 3172 3175 3184 3194 3307 3308 4464 4470 4482 4490 4554 4556 4564 4593 4597 4600 
1 69
250 252 253 
0 6
4251 
2 7
1059 1095 1097 1099 1106 1108 1115 1116 1128 1195 1198 1203 1207 1240 1242 2323 2324 2359 2362 2387 2414 2420 2421 3613 3615 3619 3621 3641 3645 3648 3656 3659 4245 4247 
1 70
255 475 476 
0 7
4246 
2 6
1063 1066 1068 1089 1090 1092 1111 1112 1113 1130 1132 1188 1193 1197 1206 2326 2329 2330 2354 2357 2364 2365 2379 2385 2386 2417 3624 3625 3631 3633 3638 3639 3643 3660 3662 3667 3669 4232 4235 4249 4250 4252 
0 100
244 
1 36
322 323 330 387 388 407 409 414 540 544 667 675 690 696 804 808 813 1454 1457 1656 1657 1687 1690 1691 1694 1695 1735 1773 1777 1787 1792 1911 1916 1956 1961 1962 1969 1977 2137 2139 2145 2149 2154 2159 2161 2195 2198 2664 2666 2673 2684 2685 2780 2785 2787 2798 2801 2829 3182 3202 3204 3213 3293 3296 3315 3316 3326 3328 4434 4438 4439 4447 4498 4503 4506 4527 4532 4533 4541 4546 
1 37
324 325 331 386 390 394 410 416 539 545 668 672 689 694 803 810 812 1458 1692 1693 1696 1701 1733 1734 1736 1738 1774 1778 1789 1793 1905 1912 1914 1953 1955 1965 1970 1978 2138 2141 2142 2147 2160 2162 2165 2194 2197 2665 2676 2680 2781 2784 2786 2799 2802 2828 2831 2870 3181 3201 3203 3214 3295 3300 3302 3314 3325 4435 4437 4448 4497 4500 4502 4526 4528 4542 4543 4547 4548 
0 101
8 
0 67
243 
1 3
1074 1076 1149 1150 1154 1156 1170 1171 1180 2336 2337 2345 2346 2349 2350 2371 3681 3684 3686 3694 3697 3711 3713 3715 3718 3729 3732 3740 3742 3746 4051 4053 4157 4160 4163 4164 4205 4206 4212 
1 38
320 321 327 328 389 393 411 417 536 538 546 666 673 688 695 809 811 1697 1698 1702 1730 1731 1732 1737 1739 1771 1772 1788 1794 1902 1906 1913 1917 1952 1954 1966 1968 1979 2129 2136 2140 2148 2163 2164 2166 2193 2196 2675 2678 2782 2783 2803 2806 2813 2827 2832 2869 2871 3120 3180 3198 3200 3215 3294 3301 3303 3313 4449 4451 4476 4479 4496 4501 4525 4531 4544 4549 4551 4560 
0 68
242 
1 4
1071 1072 1080 1082 1086 1137 1138 1146 1147 1177 1178 1182 1184 2334 2338 2339 2343 2352 2369 2373 2374 2382 3674 3676 3679 3700 3702 3706 3707 3708 3721 3722 3724 3726 3727 4214 4226 4228 4229 
0 61
241 
1 61
240 
1 32
341 344 345 378 382 398 402 678 682 685 698 788 791 800 817 821 827 1359 1364 1378 1382 1383 1440 1445 1447 1449 1463 1641 1647 1650 1671 1675 1676 1677 1678 1682 1782 1784 2205 2209 2228 2231 2232 2645 2646 2652 2656 2657 2669 2692 2695 2757 2758 2762 2763 2766 2772 2775 3222 3226 3230 3231 3282 3284 3289 3322 3332 3336 3344 3347 3350 3355 4417 4423 4430 4511 4514 4518 4520 
0 96
150 
0 62
239 
1 62
237 238 
1 60
235 236 
0 60
233 
1 33
334 335 339 381 383 397 404 405 677 681 686 697 789 790 801 816 819 1379 1384 1385 1441 1444 1450 1452 1460 1648 1649 1651 1653 1668 1669 1670 1683 1684 1781 1785 1972 1976 2152 2156 2203 2204 2208 2644 2647 2650 2651 2659 2670 2681 2688 2693 2764 2765 2776 2791 2794 2795 3207 3208 3219 3227 3283 3291 3297 3321 3330 3331 3345 3348 3349 4418 4420 4421 4431 4509 4510 4516 4521 4536 
0 63
232 
1 34
333 336 340 380 384 396 403 406 542 676 679 687 692 802 806 814 818 1442 1443 1451 1453 1461 1652 1654 1659 1660 1663 1664 1666 1667 1685 1780 1786 1957 1959 1964 1973 1975 2151 2153 2157 2200 2202 2206 2648 2649 2661 2662 2668 2671 2682 2687 2777 2778 2790 2792 2793 2796 3206 3210 3211 3218 3290 3298 3318 3320 3323 3329 3346 4432 4442 4445 4505 4508 4517 4522 4535 4538 4539 
0 64
230 
0 95
220 
1 31
342 343 346 368 370 399 401 683 684 700 784 787 792 799 820 826 828 1358 1363 1377 1380 1381 1386 1439 1448 1462 1464 1639 1640 1642 1646 1672 1673 1674 1679 1680 1681 1783 2210 2226 2227 2230 2233 2601 2636 2643 2653 2655 2658 2691 2694 2755 2759 2761 2767 2771 2773 2774 3221 3225 3229 3232 3279 3280 3285 3288 3333 3335 3343 3351 3353 3356 3357 4416 4425 4429 4512 4515 4519 
1 35
332 337 338 379 385 395 408 415 541 543 674 680 691 693 805 807 815 1446 1455 1456 1459 1655 1658 1661 1662 1665 1686 1688 1689 1775 1776 1779 1915 1958 1960 1963 1971 1974 2143 2144 2150 2155 2158 2199 2201 2207 2660 2663 2667 2672 2683 2686 2779 2788 2789 2797 2800 2830 3205 3209 3212 3217 3292 3299 3317 3319 3324 3327 4433 4444 4446 4499 4504 4507 4523 4534 4537 4540 4545 
0 65
216 
1 1
3765 3812 3814 3816 3828 3829 3831 3840 3841 3843 3849 3850 3852 3929 3955 3957 3960 3961 3965 3966 3975 3977 4014 4015 4019 4021 4022 4027 4028 4083 4084 4091 4092 4093 4106 4116 4117 4125 4126 4130 
1 49
34 52 61 62 63 90 91 261 284 288 291 457 458 466 485 489 498 505 561 563 569 578 598 600 620 625 1808 1813 1815 1824 1830 1876 1877 1883 1886 1890 1996 2006 2009 2035 2044 2047 2056 2087 2092 2096 2100 2851 2853 2900 2902 2905 2932 2933 2982 2986 3009 3010 3016 3029 3033 3042 3083 3090 3096 3104 3130 3140 3156 3158 4576 4578 4606 4617 4619 4642 4645 4657 4661 
1 54
29 31 38 39 42 96 101 102 107 112 113 258 265 269 275 277 279 464 470 472 480 482 492 495 582 588 592 604 606 611 616 1835 1840 1846 1850 1856 1860 1864 1866 1869 2013 2015 2021 2028 2031 2058 2063 2070 2074 2079 2080 2897 2911 2912 2918 2923 2928 2938 2939 2961 2969 2972 2975 3049 3052 3056 3066 3074 3075 3079 3089 3144 3149 3151 4611 4614 4623 4628 4631 4636 4651 4654 4676 4677 
1 56
21 23 24 1843 1858 1861 2018 2019 
1 40
302 304 316 318 419 420 429 430 445 523 534 549 550 638 640 644 662 670 1704 1711 1712 1713 1714 1724 1725 1742 1746 1767 1770 1796 1901 1907 1908 1919 1921 1945 1950 1981 1984 2111 2127 2131 2134 2168 2169 2179 2182 2192 2677 2808 2809 2812 2816 2824 2834 2837 2866 2867 2874 3117 3118 3124 3177 3183 3191 3192 3196 3305 3310 4471 4474 4481 4492 4494 4530 4552 4558 4562 4595 
0 70
254 
1 6
1062 1065 1091 1094 1109 1110 1114 1117 1129 1131 1194 1196 1204 1205 1241 2322 2325 2358 2360 2361 2363 2388 2389 2415 2418 2419 3614 3620 3622 3640 3642 3644 3657 3661 3666 4233 4234 4236 4248 4253 4256 
1 99
10 26 27 28 41 114 116 117 138 245 246 247 257 270 271 274 278 463 471 473 479 481 493 494 583 586 587 605 607 610 615 1841 1842 1847 1848 1857 1859 1862 1863 1868 2016 2017 2020 2025 2027 2064 2067 2069 2075 2078 2913 2914 2916 2917 2921 2924 2927 2937 2940 2960 2970 2971 2973 3048 3053 3057 3065 3072 3076 3078 3088 3148 3150 3152 4610 4613 4629 4630 4633 4637 4652 4678 4679 4680 
2 57
97 98 99 100 103 115 118 119 120 121 122 123 124 125 127 134 135 136 137 139 140 141 142 144 145 146 147 148 211 212 213 215 
0 56
2024 
1 57
1 
1 51
33 36 45 49 89 93 263 267 280 286 456 460 468 487 488 500 502 567 580 589 593 596 602 612 618 1832 1834 1838 1845 1852 1854 1871 1873 1874 1888 2007 2011 2023 2030 2033 2060 2061 2071 2084 2085 2097 2849 2896 2906 2909 2919 2930 2936 2963 2966 2977 2979 2984 3046 3050 3054 3081 3086 3092 3094 3141 3146 3154 3157 4608 4616 4621 4625 4626 4638 4649 4656 
1 95
218 
0 66
214 
1 2
3690 3691 3736 3749 3751 3754 3755 3774 3780 3781 3782 3788 3790 3988 3994 3995 3997 4002 4038 4043 4044 4057 4058 4061 4063 4065 4066 4140 4146 4148 4153 4154 4167 4168 4171 4180 4182 4183 4196 4199 
1 45
58 72 75 76 79 294 297 300 311 424 435 441 452 510 514 528 529 558 573 629 632 650 653 657 1752 1755 1758 1804 1810 1818 1823 1898 1932 1933 1936 1938 1943 1944 1992 2039 2042 2051 2054 2104 2114 2116 2120 2840 2845 2858 2862 2879 2884 2892 2993 2996 3004 3005 3018 3026 3037 3102 3111 3127 3134 3163 3167 3168 3187 4457 4458 4468 4484 4489 4566 4571 4573 4582 4589 4605 
0 58
5 
1 52
30 32 37 44 48 94 95 264 268 276 285 461 462 469 483 491 496 501 566 581 590 591 595 603 614 617 1836 1839 1844 1849 1855 1865 1867 1870 1889 2012 2014 2022 2029 2032 2059 2062 2072 2073 2081 2082 2898 2908 2910 2920 2922 2929 2935 2962 2965 2974 2976 2978 3045 3047 3051 3055 3073 3082 3087 3093 3143 3147 3153 4612 4615 4622 4627 4632 4639 4650 4653 4674 
0 59
234 
2 58
3 4 6 11 12 13 14 15 16 17 18 19 20 22 25 40 248 249 256 272 273 474 478 2941 2942 2947 2949 2950 3062 3064 3077 
1 43
81 82 84 307 309 313 423 426 431 442 448 519 526 531 553 555 634 635 648 659 664 1717 1718 1721 1749 1754 1762 1764 1798 1802 1821 1896 1924 1928 1930 1940 1941 1987 1990 2106 2112 2121 2124 2172 2175 2185 2188 2820 2842 2843 2859 2864 2878 2881 2882 2998 3001 3002 3020 3024 3038 3109 3113 3125 3136 3170 3173 3185 3189 4461 4465 4469 4483 4486 4555 4567 4568 4592 4598 4601 
1 102
7 
1 103
9 149 
1 44
73 74 80 83 85 296 308 312 425 434 449 453 511 518 527 530 557 574 630 633 649 652 658 1750 1751 1753 1760 1765 1799 1803 1820 1897 1929 1931 1935 1939 1942 1988 1989 2105 2113 2115 2119 2171 2174 2184 2187 2841 2844 2860 2863 2880 2883 2893 2992 2997 2999 3003 3019 3023 3039 3110 3112 3126 3135 3169 3174 3186 3188 4456 4466 4467 4485 4487 4565 4569 4570 4590 4591 4602 
0 57
2 
1 50
35 46 47 50 51 88 92 262 266 281 287 455 459 467 486 490 499 503 562 568 579 594 597 601 613 619 1814 1831 1833 1837 1851 1853 1872 1875 1878 1887 1995 2008 2010 2034 2045 2046 2057 2083 2086 2098 2099 2850 2854 2899 2903 2907 2931 2934 2964 2967 2968 2983 2985 3028 3032 3041 3080 3085 3091 3095 3142 3145 3155 3159 4577 4609 4618 4620 4624 4643 4644 4655 4671 
0 52
4675 
2 53
43 108 109 110 111 
1 48
53 55 60 64 65 66 87 260 283 289 292 438 454 465 484 497 504 512 560 564 570 577 599 621 624 626 1806 1812 1817 1825 1828 1879 1880 1884 1885 1891 1997 2000 2005 2036 2043 2048 2055 2088 2091 2095 2102 2846 2852 2855 2889 2901 2904 2981 2987 2990 3008 3011 3015 3030 3036 3043 3084 3097 3098 3105 3131 3137 3161 3164 4575 4579 4585 4586 4607 4640 4648 4658 4663 4665 
1 47
54 56 67 68 69 86 259 282 290 293 437 439 450 506 508 513 516 559 565 571 576 622 623 627 655 1757 1807 1809 1816 1826 1829 1881 1882 1892 1894 1994 1999 2001 2004 2037 2040 2049 2052 2089 2090 2094 2101 2847 2856 2886 2887 2890 2895 2980 2988 2989 3007 3012 3017 3031 3035 3044 3099 3100 3106 3129 3132 3138 3160 3165 4574 4580 4584 4587 4603 4641 4647 4660 4666 4667 
1 46
57 59 70 71 77 78 295 298 299 310 436 440 451 507 509 515 517 554 572 575 628 631 651 654 656 1756 1759 1805 1811 1819 1827 1893 1895 1934 1937 1993 1998 2002 2003 2038 2041 2050 2053 2093 2103 2117 2118 2848 2857 2885 2888 2891 2894 2991 2994 2995 3006 3013 3014 3027 3034 3040 3101 3103 3107 3128 3133 3139 3162 3166 4488 4572 4581 4583 4588 4604 4646 4659 4668 
1 53
104 199 200 208 210 217 
0 53
105 
1 55
106 126 128 132 133 143 152 153 162 
2 55
129 130 131 154 156 158 159 160 161 163 164 165 166 167 168 172 173 174 177 178 179 180 181 182 183 184 185 186 187 188 189 190 191 192 193 194 195 196 197 198 201 202 203 204 205 206 207 209 219 221 222 223 224 225 226 231 
1 39
317 319 326 329 391 392 412 413 418 522 535 537 547 639 641 645 669 671 1699 1700 1703 1726 1727 1728 1729 1740 1741 1768 1790 1791 1903 1904 1910 1918 1920 1951 1967 1982 1983 2128 2130 2135 2146 2167 2178 2180 2181 2191 2674 2679 2804 2805 2814 2815 2825 2826 2833 2868 2872 3119 3121 3178 3179 3197 3199 3216 3306 3311 3312 4452 4453 4477 4478 4493 4495 4524 4529 4550 4559 4561 
0 69
251 
1 5
1064 1067 1084 1088 1093 1133 1139 1140 1143 1144 1186 1187 1189 1192 2327 2328 2355 2356 2366 2377 2378 2380 2383 2416 3623 3626 3630 3632 3636 3637 3663 3664 3668 3671 3704 4220 4223 4224 4231 
1 98
151 155 157 169 170 171 175 176 227 228 229 
1 30
347 349 367 369 371 377 400 699 705 782 783 786 796 798 822 825 830 1360 1362 1374 1376 1387 1388 1432 1437 1465 1467 1472 1610 1612 1613 1619 1620 1621 1637 1638 1643 1645 2212 2223 2225 2229 2234 2600 2602 2634 2635 2642 2654 2690 2697 2702 2747 2749 2756 2760 2768 2770 3220 3224 3228 3233 3269 3278 3281 3286 3334 3337 3342 3352 3354 3358 3361 4374 4376 4415 4426 4428 4513 
0 94
2945 
1 29
348 350 351 366 374 376 701 706 707 780 785 795 797 824 829 831 844 1361 1365 1373 1375 1389 1392 1433 1438 1466 1469 1473 1609 1611 1614 1618 1622 1623 1633 1636 1644 2211 2222 2224 2236 2240 2599 2605 2606 2633 2637 2641 2689 2696 2703 2706 2746 2748 2750 2754 2769 3223 3234 3235 3238 3268 3275 3287 3339 3341 3359 3362 3375 3377 3424 3425 4375 4377 4383 4384 4412 4414 
0 93
2946 
1 28
352 353 354 365 372 375 702 708 710 772 781 794 823 832 843 845 888 1357 1366 1370 1372 1390 1391 1430 1431 1436 1468 1474 1608 1615 1616 1617 1624 1625 1632 1634 1635 2213 2216 2221 2235 2241 2598 2604 2607 2632 2638 2640 2698 2701 2704 2707 2708 2745 2751 2752 2753 3236 3237 3239 3264 3267 3274 3276 3338 3340 3360 3364 3374 3376 3423 3426 4372 4379 4382 4385 4408 4409 4413 
0 92
2956 
1 27
355 361 362 364 373 704 709 711 773 778 793 834 835 842 846 887 889 1355 1367 1369 1371 1393 1397 1428 1429 1435 1470 1475 1476 1604 1605 1606 1607 1626 1629 1630 1631 2214 2217 2220 2237 2239 2595 2597 2603 2608 2627 2631 2639 2700 2705 2709 2735 2737 2738 2743 2744 3240 3243 3245 3265 3266 3270 3277 3363 3365 3372 3373 3378 3419 3421 3427 4373 4378 4381 4386 4405 
0 91
2955 
1 26
356 359 360 363 703 712 714 774 779 833 841 847 848 850 886 890 892 1356 1368 1396 1398 1400 1401 1422 1427 1434 1471 1477 1480 1486 1583 1600 1601 1602 1603 1627 1628 2215 2218 2219 2238 2246 2594 2596 2609 2624 2626 2629 2630 2699 2710 2712 2734 2736 2739 2741 2742 3242 3244 3246 3263 3271 3273 3366 3368 3369 3371 3379 3420 3422 3428 3431 4364 4371 4380 4387 4404 
0 90
2954 
1 25
357 358 713 715 721 775 777 839 840 849 851 882 885 891 906 908 911 1350 1354 1394 1395 1399 1402 1405 1423 1426 1478 1479 1485 1487 1582 1584 1585 1586 1587 1598 1599 2242 2245 2270 2272 2277 2591 2593 2610 2611 2614 2623 2625 2628 2711 2713 2717 2719 2732 2733 2740 3241 3247 3248 3261 3262 3272 3367 3370 3380 3386 3415 3418 3429 3430 4363 4369 4370 4388 4395 4403 
0 89
2952 
0 72
477 
1 8
1032 1053 1057 1060 1101 1104 1105 1119 1121 1125 1210 1212 1220 1235 1237 1245 1247 2314 2319 2392 2396 2397 2410 2411 2425 2426 2430 3576 3578 3596 3598 3606 3609 3651 3653 4240 4241 4261 4264 
0 73
584 
1 9
980 982 983 988 1033 1034 1054 1056 1102 1103 1211 1213 1218 1222 1231 1233 1250 2311 2313 2393 2398 2407 2409 2427 2429 2431 2433 3574 3580 3581 3592 3594 3599 3602 3605 4239 4242 4262 4263 
0 74
585 
1 10
979 984 987 989 990 1031 1035 1036 1052 1055 1214 1215 1223 1229 1230 1249 1251 2310 2312 2399 2400 2401 2406 2408 2428 2432 2438 3570 3572 3573 3582 3591 3600 3601 3603 3604 4265 4268 4284 
0 75
608 
1 11
978 985 986 991 1029 1030 1037 1038 1046 1051 1216 1217 1225 1228 1252 1254 1276 1325 2300 2302 2303 2402 2403 2405 2434 2437 2439 2512 3503 3505 3507 3513 3567 3571 3583 3584 3590 4267 4269 4270 4281 4283 4285 
1 75
609 4682 
1 24
716 719 720 769 771 776 836 838 853 883 884 893 905 907 912 913 914 1349 1353 1403 1404 1406 1418 1419 1424 1481 1484 1488 1492 1579 1580 1581 1588 1589 1590 1596 1597 2243 2247 2248 2271 2273 2276 2579 2590 2592 2612 2613 2615 2621 2714 2716 2718 2720 2729 2730 2731 3249 3250 3257 3259 3260 3381 3382 3385 3387 3389 3414 3416 3432 3435 4365 4367 4368 4389 4394 4402 
0 88
2951 
1 23
717 718 722 754 768 770 837 854 855 879 894 895 903 909 910 915 916 1347 1348 1351 1408 1409 1417 1420 1425 1482 1483 1489 1491 1574 1575 1578 1591 1592 1593 1594 1595 2244 2249 2251 2269 2274 2278 2479 2578 2580 2586 2589 2616 2617 2622 2715 2721 2722 2723 2724 2728 3251 3254 3256 3258 3383 3384 3388 3390 3409 3413 3417 3433 3434 3451 4353 4362 4366 4390 4392 4401 
0 87
2958 
1 22
723 726 752 753 755 767 852 856 878 881 896 897 902 904 917 920 921 1344 1346 1352 1407 1410 1416 1421 1490 1493 1497 1506 1562 1563 1564 1565 1566 1572 1573 1576 1577 2250 2252 2259 2268 2275 2279 2478 2480 2570 2571 2576 2577 2581 2585 2588 2618 2619 2725 2726 2727 3252 3253 3255 3391 3394 3395 3407 3408 3412 3436 3441 3450 3452 3453 4352 4354 4361 4391 4393 4400 
0 86
2959 
1 21
724 727 751 756 757 766 857 861 862 877 880 898 899 901 918 919 922 1293 1338 1343 1345 1411 1414 1415 1494 1496 1505 1507 1508 1558 1559 1560 1561 1567 1568 1570 1571 2253 2257 2258 2265 2266 2281 2476 2477 2481 2566 2567 2568 2569 2572 2574 2575 2582 2584 2587 2620 3392 3393 3396 3406 3410 3411 3438 3440 3448 3449 3454 3458 3459 3460 4302 4313 4314 4316 4351 4355 4360 
0 85
3058 
1 20
725 728 750 758 762 763 858 860 863 872 875 876 900 923 924 925 926 927 1294 1295 1339 1341 1342 1412 1413 1495 1498 1499 1504 1509 1510 1549 1550 1555 1556 1557 1569 2254 2256 2260 2264 2267 2280 2469 2475 2482 2483 2486 2539 2541 2559 2560 2561 2564 2565 2573 2583 3397 3398 3403 3405 3437 3439 3442 3447 3455 3457 3461 3464 3537 4303 4312 4315 4317 4347 4350 4356 4358 
0 84
3060 
1 18
729 732 741 747 760 764 865 866 870 871 931 932 936 937 940 945 946 1013 1290 1297 1298 1301 1304 1305 1334 1336 1501 1502 1513 1515 1540 1541 1542 1543 1544 1545 1546 2282 2290 2291 2463 2464 2466 2471 2472 2485 2489 2493 2536 2537 2543 2546 2551 2552 2553 2556 2557 3401 3402 3444 3465 3466 3474 3475 3477 3529 3533 3534 3538 3540 4300 4308 4309 4319 4334 4337 4345 4349 
0 82
3067 
1 19
730 731 748 749 761 765 859 864 873 874 928 929 930 941 942 943 944 1012 1291 1292 1296 1302 1303 1306 1337 1340 1500 1503 1511 1512 1514 1547 1548 1551 1552 1553 1554 2255 2261 2262 2263 2283 2465 2470 2473 2474 2484 2487 2488 2538 2540 2542 2554 2555 2558 2562 2563 3399 3400 3404 3443 3445 3446 3456 3462 3463 3476 3535 3536 3539 4301 4310 4311 4318 4346 4348 4357 4359 
0 83
3061 
1 17
733 740 742 746 759 867 869 933 934 935 938 939 947 949 950 1010 1011 1018 1285 1287 1289 1299 1300 1309 1310 1333 1335 1516 1517 1519 1520 1521 1535 1536 1537 1538 1539 2284 2289 2292 2458 2462 2467 2468 2490 2492 2494 2495 2531 2535 2544 2545 2547 2548 2549 2550 3467 3468 3471 3472 3473 3478 3527 3528 3530 3532 3541 3542 3550 4297 4298 4321 4322 4335 4336 4341 4343 4344 
0 81
3069 
1 16
734 739 743 745 868 948 951 952 959 960 961 962 963 964 1008 1009 1014 1017 1019 1267 1268 1282 1283 1284 1288 1307 1308 1330 1332 1518 1522 1525 1530 1531 1532 1533 1534 2286 2288 2293 2448 2449 2459 2461 2491 2496 2497 2501 2525 2526 2527 2528 2529 2530 2532 2534 3469 3470 3479 3481 3487 3488 3491 3526 3531 3543 3544 3548 3549 3551 4299 4320 4323 4324 4333 4338 4340 4342 
1 15
735 737 744 953 954 956 957 958 965 966 967 968 969 1001 1002 1005 1007 1016 1020 1041 1265 1266 1269 1270 1281 1286 1311 1313 1321 1329 1331 1523 1524 1526 1527 1528 1529 2285 2287 2294 2446 2447 2450 2457 2460 2498 2500 2502 2504 2517 2518 2522 2523 2524 2533 3480 3482 3486 3489 3490 3492 3493 3494 3521 3522 3525 3545 3547 3552 3553 3561 3562 4290 4325 4326 4330 4332 4339 
0 79
3070 
1 14
736 738 955 970 972 999 1000 1004 1006 1015 1021 1024 1042 1043 1257 1258 1259 1263 1264 1271 1279 1280 1312 1314 1320 1322 1328 2296 2297 2306 2308 2444 2445 2451 2453 2456 2499 2503 2505 2516 2519 2520 2521 3483 3484 3485 3495 3496 3519 3520 3523 3524 3546 3554 3556 3560 3563 3564 4291 4292 4327 4328 4329 4331 
0 78
3071 
1 13
971 973 974 993 994 998 1003 1023 1025 1027 1039 1044 1048 1050 1256 1260 1262 1272 1274 1278 1315 1316 1317 1319 1323 1327 2295 2298 2305 2307 2441 2442 2443 2452 2455 2506 2507 2510 2514 2515 3497 3500 3501 3509 3510 3511 3516 3517 3518 3555 3557 3559 3565 3568 3588 4273 4274 4277 4278 4288 4289 
1 12
975 976 977 992 995 996 997 1022 1026 1028 1040 1045 1047 1049 1224 1226 1227 1253 1255 1261 1273 1275 1277 1318 1324 1326 2299 2301 2304 2309 2404 2435 2436 2440 2454 2508 2509 2511 2513 3498 3499 3502 3508 3512 3514 3515 3558 3566 3569 3585 3586 3587 3589 4271 4272 4275 4276 4286 4287 
0 8
4244 
2 9
981 1219 1221 1232 1234 1246 1248 3575 3579 3593 3595 3608 3610 3652 
1 7
1058 1061 1096 1098 1100 1107 1118 1122 1123 1127 1199 1201 1202 1239 1243 2316 2318 2321 2390 2391 2394 2395 2413 2422 2424 3612 3616 3617 3618 3646 3650 3655 3658 4237 4238 4254 4255 4257 4259 
0 4
4217 
2 5
1069 1070 1081 1083 1085 1087 1134 1135 1136 1141 1142 1145 1183 1185 1190 1191 2331 2340 2341 2342 2353 2367 2368 2376 2381 2384 3627 3628 3629 3634 3635 3665 3670 3672 3673 3677 3678 3701 3703 3705 3725 4218 4221 4222 4225 4230 
0 5
4219 
2 4
1073 1077 1078 1079 1148 1151 1152 1153 1173 1174 1175 1176 1179 1181 2332 2333 2335 2344 2347 2348 2351 2370 2372 2375 3675 3680 3682 3683 3698 3699 3709 3710 3714 3719 3720 3723 3728 3730 3731 3741 4158 4159 4213 4215 4216 4227 
0 2
4200 
2 3
1075 1155 1157 1158 1159 1160 1161 1162 1163 1164 1165 1166 1167 1168 1169 1172 3685 3687 3688 3689 3692 3693 3695 3696 3712 3716 3717 3733 3734 3735 3737 3738 3739 3743 3744 3745 3747 3748 3752 3753 3775 3776 3777 3778 3779 3783 3784 3785 3786 3787 3989 3990 3991 3992 3993 3998 3999 4000 4001 4045 4046 4047 4048 4049 4050 4052 4054 4055 4056 4062 4149 4150 4151 4152 4155 4156 4161 4162 4165 4166 4169 4170 4197 4198 4201 4202 4203 4207 4208 4209 4210 4211 
0 9
4243 
2 8
1120 1124 1126 1200 1208 1209 1236 1238 1244 2315 2317 2320 2412 2423 3577 3597 3607 3611 3647 3649 3654 4258 4260 
1 94
2026 2065 2066 2068 2076 2077 2915 2925 2926 2943 2944 
1 92
2948 2953 
1 87
2957 
1 84
3059 
1 82
3063 
1 81
3068 
0 10
4282 
2 11
3504 3506 
0 3
4204 
2 2
3750 3756 3757 3758 3759 3760 3761 3762 3763 3764 3766 3767 3768 3769 3770 3771 3772 3773 3789 3791 3792 3793 3794 3795 3796 3797 3798 3799 3800 3801 3802 3803 3804 3805 3806 3807 3808 3809 3810 3811 3815 3833 3834 3835 3836 3837 3844 3845 3846 3847 3848 3956 3967 3968 3969 3970 3971 3972 3973 3974 3978 3979 3980 3981 3982 3983 3984 3985 3986 3987 3996 4003 4004 4005 4006 4007 4008 4009 4010 4011 4012 4013 4023 4024 4025 4026 4029 4030 4031 4032 4033 4034 4035 4036 4037 4039 4040 4041 4042 4059 4060 4064 4067 4068 4069 4070 4071 4072 4073 4074 4075 4076 4077 4078 4079 4080 4081 4082 4107 4108 4109 4110 4111 4112 4113 4114 4115 4127 4128 4129 4131 4132 4133 4134 4135 4136 4137 4138 4139 4141 4142 4143 4144 4145 4147 4172 4173 4174 4175 4176 4177 4178 4179 4181 4184 4185 4186 4187 4188 4189 4190 4191 4192 4193 4194 4195 
